kinematics:
  shoulder:
    x: 0
    y: 0
    z: 0.16269324021550757
    roll: -0
    pitch: 0
    yaw: 4.659712940155436e-08
  upper_arm:
    x: 0.00023817448523446837
    y: 0
    z: 0
    roll: 1.5710195559113398
    pitch: 0
    yaw: -1.1745264858475934e-06
  forearm:
    x: -0.42512966169694821
    y: 0
    z: 0
    roll: 3.1406901087523154
    pitch: -3.1411299954919087
    yaw: -3.1415906886719394
  wrist_1:
    x: -0.39243876589227011
    y: -0.00079078271635675437
    z: 0.13356984940662311
    roll: 0.0059202992358311328
    pitch: -1.2704215989648959e-05
    yaw: -4.6592628165533321e-06
  wrist_2:
    x: 0.00010392989311078967
    y: -0.09969646984519287
    z: 0.00010183596445751461
    roll: 1.5697748670662044
    pitch: 0
    yaw: -3.0433600101348665e-07
  wrist_3:
    x: 6.1263259600075363e-05
    y: 0.099612516961058398
    z: 8.7294130630267272e-05
    roll: 1.571672663533964
    pitch: 3.1415926535897931
    yaw: 3.1415925855867735
  hash: calib_15938543996542188091